Cor 1, peso = 226614.45
[123, 656, 253, 396, 47, 748, 752, 108, 190, 220, 358, 450, 655, 153, 548, 568, 590, 475, 484, 737, 237, 482, 766, 81, 385, 538, 614, 801, 97, 762, 964, 24, 520, 630, 643, 811, 391, 586, 694, 275, 460, 470, 106, 512, 792, 824, 398, 428, 464, 756, 6, 240, 347, 602, 895, 229, 269, 549, 980, 139, 184, 255, 446, 783, 119, 714, 83, 235, 755, 933, 26, 424, 494, 717, 74, 273, 260, 365, 367, 257, 443, 342, 585, 610, 465, 720]
Cor 2, peso = 215015.06
[676, 572, 543, 689, 124, 657, 851, 267, 728, 835, 836, 191, 198, 292, 716, 886, 188, 228, 472, 148, 202, 555, 598, 909, 73, 272, 530, 878, 8, 242, 970, 53, 210, 254, 298, 681, 949, 57, 69, 118, 495, 601, 709, 715, 22, 754, 161, 246, 467, 566, 670, 958, 691, 94, 243, 301, 480, 508, 55, 116, 263, 476, 707, 853, 887, 168, 286, 521, 638, 727, 768, 844, 290, 813, 346, 66, 126, 616, 233, 309, 406, 99, 49]
Cor 3, peso = 204317.86
[682, 15, 944, 673, 232, 883, 948, 158, 567, 988, 363, 60, 156, 288, 349, 382, 383, 462, 487, 661, 782, 91, 167, 562, 730, 758, 846, 938, 361, 516, 591, 189, 214, 351, 594, 653, 725, 40, 131, 322, 485, 32, 50, 105, 750, 796, 923, 985, 989, 11, 270, 646, 157, 231, 526, 840, 874, 390, 456, 79, 226, 282, 303, 505, 606, 771, 807, 221, 777, 843, 205, 547, 393, 770, 405, 634, 534, 593, 751, 376, 665, 896, 442, 95, 828]
Cor 4, peso = 211207.57
[710, 560, 262, 411, 283, 110, 149, 620, 122, 222, 672, 146, 249, 320, 432, 499, 192, 749, 25, 70, 75, 357, 430, 44, 402, 972, 85, 141, 335, 415, 427, 795, 859, 419, 458, 596, 663, 693, 700, 706, 990, 186, 206, 425, 429, 589, 784, 816, 861, 870, 115, 133, 455, 952, 371, 431, 489, 579, 984, 72, 264, 281, 356, 501, 780, 855, 932, 185, 619, 877, 922, 56, 775, 201, 289, 894, 28, 447, 217, 344]
Cor 5, peso = 199908.14
[712, 649, 239, 103, 300, 518, 584, 163, 561, 907, 16, 400, 618, 974, 995, 109, 373, 407, 722, 219, 785, 833, 395, 436, 761, 940, 215, 416, 423, 452, 575, 852, 39, 59, 199, 409, 502, 510, 551, 705, 763, 355, 434, 477, 910, 93, 140, 211, 541, 678, 2, 42, 84, 127, 379, 648, 806, 375, 633, 977, 30, 612, 52, 101, 740, 805, 308, 908, 178, 207, 325, 449, 479, 820, 928, 973, 266, 966, 486]
Cor 6, peso = 188748.37
[889, 978, 786, 962, 810, 302, 306, 897, 27, 112, 627, 992, 151, 511, 677, 666, 696, 803, 858, 316, 654, 21, 86, 216, 873, 200, 403, 471, 660, 741, 82, 313, 453, 533, 769, 821, 921, 433, 503, 711, 848, 924, 987, 134, 135, 422, 437, 947, 104, 155, 573, 142, 404, 865, 975, 67, 380, 384, 492, 637, 919, 145, 265, 688, 204, 224, 882, 929, 299, 498, 539, 839, 953, 636, 918, 845, 774, 994, 315]
Cor 7, peso = 199096.53
[960, 352, 65, 48, 942, 905, 244, 599, 830, 154, 218, 552, 695, 408, 583, 759, 182, 515, 658, 871, 100, 314, 556, 713, 898, 941, 295, 628, 680, 734, 173, 532, 544, 787, 850, 87, 137, 334, 914, 955, 245, 259, 506, 667, 14, 35, 488, 527, 587, 626, 650, 746, 54, 195, 397, 822, 893, 31, 117, 256, 258, 440, 441, 937, 132, 209, 913, 956, 536, 842, 113, 331, 359, 817, 847, 969, 174, 671, 926, 248, 624, 459]
Cor 8, peso = 199212.74
[971, 564, 863, 372, 197, 297, 553, 603, 196, 203, 337, 559, 604, 793, 825, 225, 389, 546, 312, 366, 557, 645, 872, 881, 976, 251, 791, 360, 414, 613, 885, 979, 120, 362, 392, 697, 800, 38, 129, 179, 304, 554, 683, 903, 276, 490, 834, 13, 271, 578, 812, 68, 343, 421, 509, 951, 963, 234, 708, 902, 0, 51, 340, 438, 890, 176, 370, 496, 41, 595, 600, 171, 291, 469, 794, 965, 481, 524, 875]
Cor 9, peso = 191974.62
[96, 230, 350, 925, 327, 138, 668, 982, 63, 294, 747, 788, 961, 491, 528, 797, 268, 463, 500, 45, 468, 531, 726, 92, 412, 621, 43, 565, 607, 743, 802, 900, 986, 287, 310, 311, 497, 525, 899, 111, 341, 946, 993, 12, 172, 381, 401, 876, 968, 10, 280, 336, 868, 888, 159, 183, 1, 166, 631, 635, 884, 329, 522, 757, 935, 466, 931, 76, 3, 674, 399, 724, 537]
Cor 10, peso = 160232.04
[236, 318, 19, 170, 46, 144, 296, 321, 328, 523, 692, 818, 996, 88, 277, 413, 507, 798, 130, 664, 939, 738, 838, 36, 143, 333, 368, 386, 461, 723, 827, 967, 617, 778, 809, 7, 417, 684, 71, 698, 17, 77, 238, 353, 445, 814, 864, 904, 936, 61, 451, 542, 605, 772, 98, 278, 718, 175, 632, 535, 550, 911, 699, 997, 690]
Cor 11, peso = 153390.77
[285, 388, 831, 180, 703, 943, 504, 644, 659, 860, 906, 317, 611, 950, 164, 577, 773, 869, 410, 517, 651, 857, 33, 125, 223, 387, 652, 735, 767, 165, 736, 790, 819, 420, 580, 597, 804, 917, 394, 448, 826, 193, 208, 854, 293, 702, 879, 912, 307, 563, 609, 729, 37, 78, 338, 20, 319, 364, 581, 719, 823]
Cor 12, peso = 119820.02
[345, 892, 685, 991, 4, 213, 250, 513, 629, 983, 23, 121, 377, 454, 9, 279, 647, 687, 779, 64, 808, 849, 927, 934, 945, 981, 181, 764, 558, 669, 212, 473, 640, 686, 832, 866, 880, 152, 570, 18, 435, 444, 540, 545, 582, 999, 332, 439]
Cor 13, peso = 91122.83
[348, 765, 5, 324, 622, 742, 194, 323, 162, 426, 745, 187, 641, 642, 733, 339, 369, 457, 252, 760, 781, 867, 34, 261, 305, 753, 776, 62, 679, 701, 474, 739, 930, 841, 862, 569]
Cor 14, peso = 61532.57
[374, 114, 576, 625, 418, 169, 574, 837, 514, 136, 493, 608, 721, 901, 147, 160, 247, 662, 128, 378, 29, 799, 959, 102, 732, 623, 330]
Cor 15, peso = 45578.57
[478, 529, 856, 704, 80, 957, 150, 588, 744, 354, 731, 58, 227, 891, 915, 107, 326]
Cor 16, peso = 34700.32
[483, 519, 998, 815, 90, 675, 789, 177, 274, 284, 920, 241, 916]
Cor 17, peso = 11300.49
[571, 89, 829, 592, 954]
Cor 18, peso = 4919.41
[615, 639]
Valor da solucao: 226614.45
Tempo percorrido: 45.16 minutos
