Cor 1, peso = 139447.25
[103, 297, 23, 182, 127, 142, 256, 393, 115, 65, 79, 253, 371, 496, 35, 180, 204, 346, 86, 110, 173, 239, 494, 28, 120, 166, 264, 287, 289, 54, 75, 233, 238, 248, 355, 228, 290, 320, 410, 340, 354, 433, 46, 301, 311, 312, 470, 319, 205, 225, 326, 108, 279, 285, 344, 44]
Cor 2, peso = 133203.89
[341, 359, 236, 113, 152, 479, 259, 424, 492, 475, 183, 185, 210, 13, 62, 112, 134, 147, 148, 175, 195, 213, 453, 27, 95, 135, 206, 293, 310, 474, 92, 464, 495, 67, 208, 223, 230, 288, 380, 42, 379, 403, 425, 497, 12, 130, 159, 240, 271, 478, 57, 221, 381, 330, 454, 59, 477]
Cor 3, peso = 131052.72
[89, 68, 121, 386, 0, 117, 316, 396, 198, 315, 156, 323, 2, 22, 41, 292, 307, 47, 69, 273, 399, 409, 451, 6, 56, 125, 229, 241, 313, 363, 400, 466, 252, 304, 438, 24, 251, 260, 436, 167, 332, 395, 21, 174, 234, 401, 461, 17, 280, 220, 498, 176, 265, 40, 383, 104]
Cor 4, peso = 160106.94
[440, 162, 132, 270, 235, 300, 4, 60, 143, 144, 202, 231, 237, 357, 226, 247, 377, 389, 439, 36, 109, 378, 302, 334, 360, 429, 456, 485, 9, 91, 184, 398, 15, 52, 101, 192, 201, 277, 3, 20, 169, 207, 245, 250, 318, 30, 32, 85, 306, 317, 467, 34, 66, 216, 266, 407, 483, 128, 428, 53, 351, 444, 131, 187]
Cor 5, peso = 134627.03
[100, 177, 274, 48, 254, 262, 49, 80, 157, 123, 441, 73, 171, 214, 376, 199, 331, 367, 472, 105, 150, 267, 335, 405, 445, 484, 491, 10, 25, 63, 78, 126, 196, 295, 373, 87, 90, 97, 327, 374, 422, 55, 139, 140, 257, 224, 275, 413, 417, 447, 200, 291, 391, 437, 473, 382]
Cor 6, peso = 123991.18
[388, 77, 212, 284, 81, 219, 338, 356, 418, 155, 387, 118, 337, 31, 61, 186, 227, 390, 443, 471, 487, 493, 43, 314, 385, 149, 242, 296, 329, 372, 129, 278, 309, 361, 5, 193, 218, 421, 434, 37, 305, 455, 154, 211, 298, 325, 146, 261, 448, 303, 490, 392, 481]
Cor 7, peso = 129896.9
[415, 457, 263, 119, 449, 269, 322, 8, 161, 179, 458, 141, 217, 14, 58, 76, 165, 342, 414, 423, 38, 133, 333, 145, 160, 194, 283, 358, 50, 102, 178, 189, 345, 362, 163, 299, 384, 29, 116, 222, 281, 404, 452, 463, 136, 308, 369, 488, 411]
Cor 8, peso = 99581.21
[18, 94, 16, 151, 294, 460, 324, 426, 435, 26, 353, 93, 188, 282, 366, 370, 45, 244, 246, 170, 336, 427, 7, 158, 197, 215, 348, 375, 406, 430, 1, 153, 268, 11, 107, 164, 465, 181, 469, 349, 350, 489]
Cor 9, peso = 69393.42
[442, 138, 111, 408, 352, 272, 365, 19, 88, 480, 114, 232, 321, 416, 446, 168, 286, 499, 190, 476, 486, 33, 96, 106, 172, 243, 64, 249, 209]
Cor 10, peso = 50807.87
[432, 99, 39, 51, 255, 397, 70, 328, 368, 122, 394, 431, 468, 74, 203, 339, 412, 419, 462, 258, 71]
Cor 11, peso = 28961.05
[276, 402, 459, 137, 83, 364, 72, 84, 191, 420, 482, 124]
Cor 12, peso = 14037.39
[343, 82, 98, 450, 347]
