Cor 1, peso = 461513.93
[1119, 495, 1439, 1892, 966, 1023, 25, 446, 569, 1064, 1148, 226, 333, 497, 1243, 1801, 21, 607, 628, 732, 892, 989, 1042, 304, 506, 724, 1133, 1301, 1442, 1561, 863, 1103, 1131, 1212, 1905, 1917, 443, 483, 661, 726, 776, 972, 1323, 1369, 1831, 100, 106, 316, 388, 542, 681, 842, 997, 1056, 1099, 1469, 1881, 107, 159, 402, 472, 519, 627, 684, 759, 960, 962, 1105, 1234, 1253, 1350, 1361, 1433, 1812, 1939, 16, 188, 235, 285, 757, 803, 804, 1305, 1429, 1517, 1602, 1802, 38, 88, 89, 110, 178, 195, 298, 440, 557, 564, 706, 841, 932, 1027, 1153, 1173, 1333, 1400, 1536, 234, 370, 400, 558, 1238, 1324, 1560, 1590, 1707, 1807, 250, 427, 532, 566, 697, 767, 878, 1132, 1296, 1525, 1538, 1867, 1972, 135, 172, 271, 289, 550, 744, 988, 1106, 1728, 1775, 1785, 1871, 1880, 291, 856, 1086, 1204, 1262, 1512, 1647, 43, 197, 344, 615, 1721, 1816, 1098, 1256, 1814, 1888, 94, 169, 181, 274, 764, 996, 1640, 1659, 284, 538, 556, 662, 794, 1274, 1758, 1826, 63, 1343, 1374, 796, 147, 422, 529, 637, 1529, 1075, 1505]
Cor 2, peso = 466685.17
[1736, 432, 970, 1126, 1629, 489, 247, 381, 514, 567, 659, 1395, 1930, 301, 324, 712, 836, 1078, 369, 1145, 1394, 1486, 1649, 1689, 69, 643, 646, 720, 890, 1118, 1317, 51, 179, 526, 653, 902, 1053, 1465, 295, 944, 950, 1427, 1878, 74, 129, 155, 389, 429, 915, 931, 1002, 1110, 1836, 156, 162, 174, 200, 220, 368, 376, 416, 508, 589, 1213, 1372, 1406, 1458, 1611, 1688, 1760, 1903, 1934, 186, 242, 442, 581, 852, 895, 905, 990, 1005, 1244, 1386, 1387, 1488, 1497, 1535, 1813, 1988, 251, 347, 536, 663, 810, 923, 1851, 42, 132, 163, 334, 445, 449, 540, 598, 649, 1071, 1127, 1176, 1466, 1516, 1763, 1931, 41, 146, 176, 387, 418, 439, 465, 583, 1322, 1642, 1756, 1759, 1911, 62, 238, 252, 305, 356, 518, 554, 619, 636, 739, 1223, 1334, 1570, 1829, 1840, 1941, 1981, 351, 657, 1245, 1265, 1351, 1499, 1534, 1586, 1596, 1773, 3, 105, 448, 582, 611, 1035, 50, 213, 320, 1452, 1872, 10, 79, 206, 505, 290, 625, 763, 884, 994, 1135, 1401, 1438, 459, 535, 1456, 1783, 61, 96, 1270, 1420, 1964, 1207, 1588, 332]
Cor 3, peso = 452523.68
[938, 591, 1171, 1526, 44, 1019, 1781, 751, 1178, 1686, 1091, 1192, 1251, 1331, 1818, 1990, 122, 709, 775, 904, 1422, 463, 789, 922, 1282, 1318, 1336, 1682, 1769, 90, 134, 307, 341, 436, 806, 826, 877, 947, 1719, 1843, 125, 910, 1982, 248, 478, 934, 1219, 1506, 1601, 1909, 1980, 83, 199, 546, 638, 644, 727, 946, 951, 992, 1084, 1113, 1188, 1281, 1430, 1677, 1708, 1889, 34, 104, 245, 315, 373, 455, 577, 756, 805, 844, 898, 1437, 1638, 1810, 93, 371, 492, 512, 956, 993, 1079, 1134, 1328, 1335, 1346, 1706, 1986, 5, 56, 85, 113, 187, 241, 494, 507, 515, 747, 1509, 1532, 1614, 1732, 1741, 1877, 1987, 306, 553, 675, 741, 779, 1768, 143, 208, 240, 377, 487, 579, 592, 647, 691, 694, 853, 1217, 1303, 1316, 1771, 7, 72, 409, 539, 551, 576, 965, 1742, 144, 209, 458, 728, 748, 815, 821, 883, 930, 1094, 1111, 1393, 1887, 1936, 23, 862, 1028, 1077, 1314, 1507, 1740, 1896, 597, 674, 1912, 1951, 462, 1100, 317, 454, 848, 1304, 1914, 820, 849, 1375, 1545, 1684, 859, 1959, 426]
Cor 4, peso = 474626.81
[330, 331, 1191, 112, 270, 302, 1330, 1884, 685, 769, 1198, 1404, 1632, 1635, 1687, 1806, 173, 215, 987, 1337, 1473, 1616, 269, 699, 1276, 1461, 1717, 99, 217, 266, 327, 372, 580, 758, 786, 793, 927, 955, 1299, 1476, 1900, 1922, 11, 254, 1297, 1559, 1007, 1381, 1592, 1658, 1767, 117, 216, 393, 498, 1040, 1239, 1382, 1824, 1942, 1950, 189, 225, 264, 395, 469, 475, 618, 916, 928, 1236, 1289, 1291, 1397, 1403, 1501, 1566, 1608, 1681, 1792, 1852, 1879, 0, 1, 8, 20, 65, 126, 205, 319, 875, 935, 1457, 1798, 1958, 28, 277, 314, 361, 784, 1643, 1725, 1991, 36, 70, 111, 275, 294, 362, 396, 601, 641, 733, 1000, 1045, 1227, 1537, 1558, 45, 171, 355, 375, 819, 864, 885, 967, 1004, 1032, 1058, 1101, 1380, 1563, 1678, 1832, 230, 282, 321, 363, 500, 606, 908, 1049, 1248, 1391, 12, 461, 655, 678, 766, 801, 807, 896, 1017, 124, 357, 437, 602, 1008, 1067, 1137, 1165, 1835, 86, 180, 279, 447, 481, 799, 828, 1080, 1564, 1770, 1514, 1518, 1897, 1846, 867, 1571, 1752, 474, 1220, 1410]
Cor 5, peso = 430617.82
[521, 1494, 1436, 1825, 140, 276, 1573, 1636, 1670, 1778, 731, 979, 1426, 1459, 1511, 118, 224, 1038, 1196, 1246, 1431, 1554, 1811, 1864, 360, 608, 780, 869, 1051, 1090, 1377, 1693, 1885, 15, 161, 398, 543, 715, 823, 880, 1109, 1390, 1550, 1578, 1804, 219, 705, 850, 899, 1432, 1784, 1805, 1925, 6, 182, 194, 510, 559, 621, 658, 698, 1087, 1143, 1359, 170, 231, 318, 479, 588, 640, 1018, 1150, 1415, 1548, 1710, 1757, 128, 358, 654, 725, 1208, 1231, 1295, 1408, 1435, 1780, 1968, 39, 55, 229, 359, 399, 457, 504, 561, 669, 797, 1123, 1218, 1232, 1255, 1639, 57, 95, 353, 491, 631, 667, 746, 800, 832, 1315, 1508, 1594, 1747, 1907, 1996, 141, 273, 584, 939, 1160, 1370, 1679, 1738, 1866, 456, 473, 778, 818, 873, 900, 1047, 1062, 1095, 1159, 1378, 1503, 1533, 1666, 1944, 1970, 18, 632, 765, 817, 1189, 1349, 1600, 1676, 1791, 14, 114, 624, 945, 1733, 1774, 138, 533, 648, 676, 1202, 1454, 1472, 1528, 1790, 404, 560, 893, 1593, 350, 300, 499, 1352, 1854, 431, 571, 702, 907]
Cor 6, peso = 468151.97
[827, 1655, 9, 249, 596, 1039, 604, 851, 1910, 53, 1011, 1883, 75, 92, 633, 642, 963, 1225, 1327, 1364, 1540, 60, 166, 280, 405, 466, 689, 906, 959, 1072, 1116, 1235, 1383, 1722, 1999, 119, 453, 609, 682, 704, 917, 968, 1050, 1606, 1755, 47, 325, 1428, 1479, 221, 435, 814, 881, 976, 1141, 1229, 1455, 1530, 1690, 1692, 1899, 137, 190, 283, 501, 516, 552, 651, 677, 770, 782, 1020, 1250, 1329, 1612, 1731, 1873, 1995, 222, 379, 952, 1283, 1332, 1553, 103, 223, 563, 595, 635, 903, 1385, 1663, 1673, 1675, 1929, 1977, 91, 201, 227, 339, 352, 391, 408, 464, 568, 668, 1092, 1254, 1292, 1498, 1624, 1853, 1894, 136, 154, 233, 258, 614, 616, 901, 1089, 1222, 1694, 1735, 1819, 1989, 30, 54, 77, 218, 336, 337, 378, 527, 874, 981, 1016, 1088, 1580, 1704, 1795, 1949, 49, 309, 364, 383, 411, 412, 594, 783, 882, 1125, 1158, 1709, 167, 268, 520, 911, 1081, 48, 59, 211, 645, 897, 1199, 1467, 1562, 1935, 308, 468, 613, 670, 838, 975, 1096, 81, 410, 949, 1152, 1447, 1744, 1800, 102, 177, 587, 438, 496]
Cor 7, peso = 420459.6
[120, 380, 424, 1460, 1170, 1312, 1927, 212, 1748, 1945, 19, 749, 798, 971, 1206, 1412, 1546, 1838, 1956, 772, 845, 1073, 1097, 1102, 1615, 1953, 133, 470, 548, 666, 679, 690, 730, 787, 811, 937, 1104, 1356, 1424, 1556, 261, 686, 913, 964, 1462, 1656, 1657, 1715, 52, 813, 1302, 196, 256, 419, 451, 824, 854, 969, 1001, 1418, 1626, 1683, 1845, 1960, 403, 421, 603, 713, 722, 1012, 1112, 1354, 1376, 1450, 1480, 1519, 1604, 1654, 1874, 4, 433, 802, 924, 1043, 1172, 1605, 1695, 1850, 1920, 1928, 1969, 24, 338, 413, 444, 710, 721, 891, 980, 1195, 1252, 1565, 1644, 1739, 1992, 142, 148, 297, 484, 537, 600, 623, 736, 1306, 1371, 1576, 1621, 1622, 1703, 1789, 1830, 1865, 313, 1257, 1414, 1797, 1869, 145, 977, 1085, 1179, 1413, 1918, 1961, 168, 272, 415, 701, 816, 1044, 1144, 1175, 1280, 1443, 1500, 1627, 1667, 121, 311, 610, 753, 1194, 1266, 1468, 1522, 1727, 1926, 78, 149, 785, 833, 1344, 1702, 502, 834, 1163, 1233, 1348, 1613, 912, 486, 1808]
Cor 8, peso = 412964.32
[243, 1389, 1862, 480, 71, 1174, 1855, 545, 1149, 417, 1041, 1307, 1419, 1502, 1531, 1665, 82, 131, 262, 365, 612, 822, 936, 1205, 1470, 1916, 192, 299, 665, 742, 754, 914, 919, 1003, 1031, 1267, 1547, 1609, 1650, 184, 191, 246, 573, 620, 1269, 1277, 1844, 1849, 777, 865, 1203, 1209, 1551, 1712, 1858, 87, 265, 335, 452, 528, 847, 868, 942, 986, 1355, 1581, 1599, 1962, 33, 97, 160, 244, 310, 392, 672, 781, 1260, 1339, 1524, 1542, 1552, 1863, 123, 348, 974, 1061, 1263, 1320, 1464, 1491, 1661, 1724, 1743, 1856, 1904, 1973, 513, 534, 760, 840, 1022, 1124, 1275, 1338, 1388, 1421, 1579, 1799, 1963, 287, 345, 428, 509, 683, 735, 871, 1129, 1340, 1449, 1597, 296, 323, 493, 511, 1024, 1065, 1489, 1539, 322, 385, 471, 549, 664, 703, 830, 995, 1210, 1258, 1311, 1325, 1523, 1625, 1730, 1876, 17, 203, 423, 530, 634, 652, 718, 879, 929, 1059, 46, 954, 1478, 1572, 1603, 1886, 831, 860, 999, 1272, 1893, 349, 572, 1895, 762, 1648, 1875, 858, 1138, 585]
Cor 9, peso = 379634.24
[414, 866, 1407, 671, 1247, 1293, 1859, 909, 719, 1279, 1582, 1583, 1664, 116, 342, 390, 574, 1054, 1180, 1510, 1701, 1737, 58, 237, 281, 477, 745, 1010, 1287, 1492, 1577, 1591, 1796, 1817, 1821, 1827, 64, 590, 1025, 1156, 1617, 1901, 790, 792, 1115, 1228, 1363, 1575, 984, 1036, 1048, 1268, 1411, 1823, 259, 293, 340, 394, 531, 570, 626, 729, 809, 837, 894, 953, 1120, 1161, 1417, 1567, 1700, 1777, 1860, 115, 326, 707, 768, 948, 1076, 1164, 1187, 1294, 1598, 1698, 1923, 1966, 73, 430, 485, 488, 525, 680, 696, 738, 857, 920, 921, 1063, 1607, 1762, 1837, 1937, 260, 870, 1014, 1285, 1446, 1477, 1653, 1954, 40, 139, 346, 406, 544, 660, 750, 812, 918, 1142, 1448, 1637, 1745, 1913, 37, 407, 737, 743, 1108, 1549, 1646, 175, 185, 630, 835, 1284, 1357, 1766, 839, 957, 1493, 210, 482, 586, 843, 1130, 1290, 1434, 1841, 367, 940, 1186, 1367, 517]
Cor 10, peso = 315897.64
[1009, 1475, 303, 1402, 1308, 1691, 1696, 1729, 1128, 752, 1671, 1822, 617, 1121, 1527, 1820, 460, 755, 886, 1046, 1193, 1630, 1697, 29, 66, 329, 366, 656, 1034, 1146, 1241, 1405, 1645, 1882, 1933, 441, 887, 998, 1055, 1365, 1487, 13, 157, 774, 943, 1060, 1114, 384, 599, 723, 788, 1015, 1052, 1136, 1181, 1200, 1341, 1345, 1485, 1584, 1803, 1815, 1952, 1957, 101, 198, 1057, 1107, 1155, 1211, 1224, 1313, 1544, 1631, 1634, 1842, 1870, 1921, 622, 700, 941, 1006, 1030, 1541, 1574, 1754, 1965, 32, 267, 575, 687, 693, 761, 1037, 1070, 1240, 1273, 1321, 1483, 1720, 1932, 183, 354, 1453, 1772, 1839, 98, 228, 861, 1520, 1713, 1906, 26, 292, 714, 1066, 1167, 1168, 1441, 1660, 1753, 1975, 76, 1214, 1362, 1440, 1504, 401, 1185, 695, 1082]
Cor 11, peso = 260545.36
[1166, 1610, 1641, 31, 490, 1947, 1998, 130, 1652, 1699, 1013, 1139, 1197, 1557, 1569, 1685, 541, 734, 982, 1033, 1147, 1723, 236, 239, 467, 503, 562, 716, 1347, 1398, 1568, 1595, 1978, 450, 524, 855, 1259, 1618, 1674, 1898, 1069, 1093, 1169, 1226, 1662, 1668, 1779, 1890, 84, 547, 673, 708, 926, 961, 1451, 1471, 1793, 1943, 1967, 153, 158, 204, 278, 434, 795, 1300, 1726, 109, 288, 312, 740, 771, 773, 808, 1298, 1309, 1384, 1628, 286, 386, 978, 1162, 1358, 1396, 1409, 1633, 1680, 1716, 1746, 1979, 1847, 35, 374, 888, 933, 1264, 1360, 1555, 1974, 1392, 1619, 1938, 523, 232, 1861]
Cor 12, peso = 179558.13
[202, 1620, 1946, 27, 1828, 1940, 214, 1787, 876, 1416, 152, 991, 1029, 1242, 1495, 1496, 1764, 207, 889, 1444, 1484, 1765, 1782, 1788, 1983, 1984, 263, 605, 639, 985, 1117, 1154, 1319, 1326, 1513, 555, 650, 1237, 1249, 1368, 1589, 1786, 829, 983, 1182, 1183, 1373, 1425, 1490, 165, 565, 825, 1216, 1271, 1711, 1761, 1834, 1976, 1997, 1366, 1749, 1971, 193, 343, 717, 846, 1734, 1794, 1857, 1915, 1985, 397, 1215, 1587, 1848, 1868, 425, 1750]
Cor 13, peso = 114712.15
[1423, 522, 1994, 1919, 1342, 1902, 1482, 973, 1157, 1261, 1714, 80, 328, 1151, 1543, 1623, 382, 1026, 1140, 1201, 1521, 688, 872, 1288, 1948, 255, 1068, 1221, 1278, 1515, 476, 1474, 1751, 1833, 420, 629, 711, 1083, 1184, 1286, 150, 791, 925, 253]
Cor 14, peso = 73649.17
[692, 1177, 1891, 1924, 151, 1445, 1908, 1310, 1463, 108, 578, 1585, 1669, 1481, 164, 593, 958, 1379, 1399, 1651, 1672, 1230, 1353, 1718, 1809, 1776, 67]
Cor 15, peso = 29399.17
[1122, 127, 257, 1021, 68, 1074, 2, 22, 1705, 1190, 1955, 1993]
