Cor 1, peso = 212877.13
[38, 1649, 1255, 683, 1056, 1817, 567, 616, 1759, 579, 258, 1752, 757, 953, 807, 1760, 216, 1330, 1548, 1662, 225, 366, 417, 1542, 1046, 45, 65, 947, 1149, 32, 248, 321, 631, 1142, 1216, 107, 712, 1114, 1514, 238, 925, 1801, 1240, 1248, 440, 466, 1102, 1320, 1306, 1044, 332, 1009, 571, 814, 49, 246, 890, 975, 9, 523, 968, 1264, 1943, 1479, 644, 358, 453, 918, 996, 1287, 480, 664, 241, 950, 467, 118, 858, 931, 1886, 1683, 589, 1545, 1386]
Cor 2, peso = 196205.87
[537, 1783, 1104, 1112, 493, 123, 958, 427, 54, 1051, 1141, 1274, 1857, 341, 1668, 1717, 262, 308, 816, 142, 753, 895, 1467, 256, 825, 1706, 967, 1223, 94, 102, 105, 580, 917, 1298, 1500, 1692, 165, 195, 249, 318, 1120, 1246, 1468, 973, 1901, 682, 1359, 1858, 153, 1280, 1378, 1554, 64, 1835, 259, 1340, 1037, 653, 1433, 1478, 289, 804, 403, 584, 232, 910, 61, 1939, 1373, 1961, 1946, 792, 1643, 1958, 603, 593, 10, 1686, 159, 746, 1207]
Cor 3, peso = 183996.59
[52, 1664, 188, 1151, 409, 520, 945, 58, 282, 1965, 327, 724, 1309, 253, 502, 1533, 648, 951, 1367, 1878, 194, 235, 764, 223, 978, 1625, 684, 1047, 1133, 1171, 227, 386, 1156, 1204, 162, 13, 43, 509, 1057, 1505, 1508, 1570, 313, 787, 1270, 1600, 904, 1819, 957, 189, 822, 1122, 1932, 439, 1001, 1607, 622, 739, 20, 1409, 694, 19, 654, 393, 747, 843, 1959, 1024, 75, 126, 402, 1351, 817, 889, 170, 196]
Cor 4, peso = 209369.14
[98, 1655, 1928, 1619, 92, 1218, 1, 391, 733, 265, 1038, 1316, 1326, 1632, 213, 698, 980, 1324, 1410, 101, 597, 1342, 1898, 205, 463, 879, 1627, 1155, 302, 1077, 1565, 774, 3, 53, 208, 1058, 1711, 1714, 164, 715, 1990, 254, 583, 749, 991, 672, 1863, 381, 1383, 395, 398, 587, 696, 1750, 307, 699, 171, 754, 1856, 873, 1335, 353, 859, 1460, 607, 415, 1805, 72, 517, 639, 1131, 378, 1140, 494, 1475, 80, 1810, 831, 5, 1194, 1591]
Cor 5, peso = 208188.14
[228, 924, 826, 1926, 1212, 317, 406, 1272, 1263, 1556, 1708, 1880, 336, 1641, 385, 690, 42, 379, 740, 1082, 1271, 429, 433, 1452, 1885, 284, 778, 1181, 1390, 1722, 1796, 555, 813, 1300, 1511, 486, 1490, 1712, 1846, 1884, 95, 340, 752, 1158, 1599, 380, 994, 1473, 148, 370, 827, 936, 183, 815, 937, 1329, 812, 1920, 66, 214, 359, 1276, 1839, 1691, 1020, 68, 436, 1864, 1192, 1491, 861, 1146, 83, 314, 268, 948, 1347, 1815, 1292, 737, 582]
Cor 6, peso = 212958.63
[693, 388, 1642, 1345, 1547, 1797, 130, 147, 1949, 1909, 79, 492, 540, 367, 602, 1659, 328, 801, 1753, 1812, 1904, 462, 606, 1354, 1766, 1818, 266, 906, 1129, 1669, 40, 337, 438, 1054, 35, 260, 1068, 1096, 215, 617, 738, 1370, 490, 568, 776, 1206, 1504, 1803, 135, 564, 1454, 1484, 91, 1609, 1773, 756, 1902, 27, 100, 484, 1443, 348, 424, 103, 1071, 365, 1791, 1392, 1577, 704, 419, 1984, 50, 902, 1682, 1979, 1397, 1816, 864, 472, 552, 1604, 998]
Cor 7, peso = 197191.41
[976, 1474, 106, 1574, 1615, 1336, 662, 927, 1694, 161, 412, 971, 1095, 1229, 1629, 1738, 620, 351, 422, 627, 849, 1318, 1403, 270, 519, 894, 1061, 1341, 400, 762, 773, 1366, 1388, 1534, 354, 901, 1439, 1859, 184, 224, 1701, 1776, 1955, 1226, 1520, 217, 999, 1101, 1637, 24, 344, 624, 675, 1666, 363, 527, 1063, 1915, 179, 1652, 251, 820, 637, 1527, 1890, 697, 1165, 319, 1172, 17, 1754, 272, 628, 36, 1957, 331, 905, 1163, 526, 1202, 15]
Cor 8, peso = 181456.99
[1302, 274, 452, 562, 1617, 1855, 705, 1841, 198, 900, 295, 387, 1179, 1874, 721, 734, 1333, 1937, 1971, 197, 240, 247, 530, 872, 1084, 1513, 242, 408, 1291, 1446, 636, 855, 1621, 1834, 1847, 647, 169, 667, 1489, 245, 1757, 57, 250, 1684, 76, 160, 1436, 1645, 1912, 982, 39, 566, 1134, 1232, 1636, 688, 1211, 1535, 178, 134, 1639, 1121, 1382, 1564, 728, 852, 1813, 347, 1503, 1728, 625, 674, 938, 1571, 1832, 798]
Cor 9, peso = 199292.04
[136, 1295, 772, 867, 269, 829, 1938, 1023, 78, 572, 443, 1111, 1065, 1804, 264, 279, 800, 810, 22, 200, 334, 1080, 305, 322, 1007, 1512, 1626, 1633, 1945, 476, 677, 779, 928, 51, 139, 451, 979, 1089, 1307, 329, 464, 324, 897, 1005, 1049, 115, 303, 446, 588, 1304, 1531, 1780, 356, 33, 70, 1284, 909, 1709, 594, 1138, 1162, 1917, 1457, 641, 1507, 1697, 547, 456, 1925, 1720, 330, 565, 1661, 455, 1188, 1905]
Cor 10, peso = 185643.85
[1297, 865, 1166, 660, 1344, 844, 1438, 1465, 707, 1546, 988, 1053, 1431, 972, 1236, 611, 748, 791, 1090, 1183, 454, 605, 1180, 1824, 1844, 283, 803, 1741, 1935, 193, 521, 578, 600, 1030, 172, 563, 1087, 1092, 1331, 73, 203, 219, 771, 892, 997, 768, 893, 1861, 93, 863, 458, 1125, 1430, 1464, 845, 1612, 141, 1254, 560, 132, 1059, 287, 869, 1069, 82, 1369, 977, 795, 1205, 234, 735, 1242, 1882, 1412, 1476, 598, 474, 561]
Cor 11, peso = 189131.44
[1002, 7, 1680, 1012, 1161, 1139, 1716, 131, 376, 891, 1027, 1528, 1597, 120, 1755, 1108, 278, 1035, 1836, 221, 414, 1019, 1394, 99, 124, 384, 596, 944, 1277, 1849, 673, 1081, 1289, 1385, 1888, 460, 1838, 442, 533, 577, 613, 548, 837, 1419, 1425, 1407, 1420, 1739, 1942, 661, 926, 1124, 851, 1043, 501, 681, 780, 1422, 1640, 67, 1285, 709, 1075, 1442, 231, 513, 1628, 539, 962, 1463, 1789, 1769, 885, 933, 1510, 1136, 732]
Cor 12, peso = 207612.27
[129, 489, 86, 1575, 34, 158, 421, 518, 1000, 1115, 74, 1729, 0, 465, 1021, 459, 626, 333, 659, 1278, 1426, 1952, 220, 969, 1200, 1267, 1356, 1656, 1814, 1867, 646, 832, 853, 898, 1516, 1727, 1365, 1559, 280, 420, 473, 524, 854, 1737, 1455, 1746, 1830, 1072, 1573, 477, 1086, 1314, 1375, 1451, 1792, 55, 1319, 1368, 1718, 531, 541, 1623, 1118, 1972, 608, 1721, 1381, 575, 1906, 634, 824, 847, 819, 187, 1073, 789, 1765, 1497, 293, 1499]
Cor 13, peso = 187891.94
[1496, 1493, 908, 1887, 97, 720, 1590, 60, 974, 1391, 1580, 199, 312, 1093, 1106, 1653, 252, 357, 1273, 1610, 8, 298, 497, 716, 1110, 1338, 48, 62, 535, 656, 1562, 1756, 117, 167, 877, 1411, 59, 516, 544, 750, 1168, 157, 405, 1148, 1400, 168, 1585, 1854, 44, 77, 963, 1249, 1675, 1930, 914, 1014, 630, 1227, 538, 1704, 558, 934, 1126, 1143, 1215, 645, 1238, 990, 1190, 760, 1825, 1186, 1332, 1444, 1572]
Cor 14, peso = 181522.35
[1498, 970, 145, 1055, 483, 46, 475, 478, 1031, 335, 903, 1647, 1650, 1695, 1995, 730, 781, 992, 1282, 1393, 744, 923, 1208, 257, 549, 1220, 1418, 1568, 1788, 1823, 369, 1339, 1445, 1541, 1147, 1288, 1569, 1743, 691, 1257, 1630, 192, 1578, 271, 1103, 1245, 1981, 450, 964, 1771, 590, 1109, 1437, 1827, 505, 546, 868, 1167, 1353, 679, 413, 1893, 821, 1896, 156, 191, 108, 1840, 745, 915]
Cor 15, peso = 190670.29
[1918, 1209, 430, 599, 301, 528, 1518, 1201, 1802, 1983, 1985, 209, 765, 1735, 173, 1876, 899, 1144, 1374, 1414, 1424, 1435, 1184, 1199, 1795, 71, 657, 11, 85, 325, 374, 543, 1026, 1552, 1235, 1707, 1966, 277, 372, 423, 615, 881, 1042, 1950, 959, 1153, 1358, 1428, 1828, 1033, 288, 1145, 90, 1052, 1176, 1348, 1953, 1603, 1658, 1724, 1974, 921, 1960, 770, 1730, 1933, 954, 935, 1387, 1996, 468, 504, 1550, 1260, 1537, 355, 383, 1299]
Cor 16, peso = 195370.87
[186, 431, 239, 1094, 309, 1992, 339, 668, 685, 343, 1663, 1150, 1747, 1868, 104, 576, 842, 1222, 1415, 1660, 1772, 133, 1317, 1379, 310, 1453, 1845, 553, 695, 759, 907, 352, 835, 1013, 1613, 1891, 320, 389, 1004, 382, 122, 573, 1157, 1269, 457, 149, 651, 848, 1008, 1740, 1777, 87, 591, 1434, 1820, 1742, 1744, 285, 1710, 1929, 687, 1315, 650, 1099, 207, 1736, 769, 23, 128, 1290, 1687, 1977, 960, 1674, 708, 1703, 1962]
Cor 17, peso = 185941.46
[570, 1763, 911, 1250, 1352, 375, 1517, 880, 1003, 371, 210, 1045, 1494, 1265, 1275, 1967, 1376, 1651, 1667, 1892, 1991, 790, 1406, 1581, 297, 713, 56, 218, 373, 592, 621, 1154, 394, 1228, 435, 479, 658, 1543, 1702, 175, 263, 326, 1462, 930, 1524, 155, 586, 1310, 1903, 233, 1350, 1654, 1911, 338, 510, 138, 702, 1219, 1361, 236, 396, 610, 1117, 437, 1085, 629, 1579, 574, 1177, 1768, 1934, 1488, 1620, 1608, 1098]
Cor 18, peso = 167148.04
[726, 21, 1322, 1811, 119, 418, 642, 670, 1091, 1243, 1842, 150, 1286, 1899, 1998, 525, 1601, 811, 1152, 1973, 1170, 1758, 522, 711, 786, 878, 1025, 1039, 1234, 1440, 111, 888, 1178, 1198, 1413, 1775, 407, 886, 1088, 1536, 346, 1408, 1502, 237, 995, 1923, 761, 84, 1521, 1786, 1877, 846, 966, 1922, 500, 686, 1624, 426, 1253, 1346, 1976, 1169, 1539, 109, 29, 796, 710, 806, 1584, 828, 1159]
Cor 19, peso = 180194.67
[784, 1067, 1851, 727, 922, 127, 794, 1622, 1466, 1999, 1940, 14, 143, 401, 1016, 1377, 1969, 536, 1011, 1230, 1837, 113, 180, 1197, 1596, 1767, 862, 1294, 866, 1357, 1362, 1395, 1672, 181, 823, 830, 1725, 1745, 1831, 1883, 1251, 1323, 1448, 1790, 511, 912, 1029, 1733, 125, 508, 222, 676, 1137, 166, 818, 1405, 1525, 1532, 701, 201, 559, 441, 777, 1553, 1731, 1538, 1487, 404, 512, 1749, 1931]
Cor 20, peso = 155046.07
[1097, 755, 1034, 1321, 1566, 1618, 1677, 273, 1450, 870, 1261, 1469, 212, 941, 1441, 1941, 311, 1193, 1592, 292, 498, 1634, 1762, 585, 649, 1404, 1875, 1907, 243, 390, 719, 946, 987, 1036, 1050, 1191, 1325, 1951, 487, 1678, 47, 342, 349, 392, 666, 1189, 1105, 1927, 1635, 1982, 12, 416, 1869, 1083, 1459, 1705, 1015, 1312, 949, 1281, 1501, 1576, 1821, 1526, 140, 300]
Cor 21, peso = 169031.97
[1396, 1833, 841, 1127, 368, 448, 775, 1944, 432, 1470, 1557, 663, 1203, 1389, 1561, 1850, 1509, 1523, 294, 315, 551, 1555, 741, 857, 1529, 1616, 1210, 1311, 1399, 1477, 1761, 230, 364, 1062, 1986, 360, 850, 1060, 1688, 1690, 176, 871, 1486, 1782, 4, 1968, 41, 725, 993, 1372, 1785, 37, 1343, 1798, 1233, 1349, 692, 802, 488, 797, 633, 461, 955, 152, 896]
Cor 22, peso = 165389.92
[1421, 182, 932, 1956, 445, 449, 1214, 163, 1018, 96, 121, 1449, 1540, 1605, 1182, 1989, 1993, 202, 154, 174, 961, 1017, 1173, 1657, 635, 1894, 1128, 1196, 1787, 1916, 110, 361, 557, 836, 952, 1480, 281, 942, 1268, 1522, 731, 875, 717, 1519, 1583, 1866, 981, 1587, 1770, 612, 1132, 1447, 532, 1881, 496, 940, 1456, 1826, 856, 116, 1779, 805, 267, 1495, 884, 1631]
Cor 23, peso = 125181.76
[18, 1595, 190, 534, 1401, 1551, 1719, 1364, 1696, 397, 1586, 1774, 1936, 30, 766, 1224, 1334, 1384, 299, 434, 700, 1380, 276, 1107, 1843, 1852, 1947, 206, 290, 399, 887, 939, 1195, 985, 986, 185, 444, 529, 809, 1283, 137, 1472, 1549, 703, 1784, 1871, 1402, 1074, 151, 1751, 410, 623, 916, 25, 1123, 1681, 1908, 1485]
Cor 24, peso = 137090.67
[362, 943, 1715, 1160, 595, 1582, 6, 1879, 469, 1429, 1732, 16, 729, 1807, 1544, 1252, 1734, 1872, 1423, 743, 1606, 470, 665, 1296, 425, 481, 507, 840, 1048, 1266, 1644, 1873, 514, 1130, 1258, 1482, 1685, 69, 377, 678, 793, 144, 550, 1860, 882, 1895, 244, 839, 1327, 1432, 1371, 742, 1558, 1416, 643, 1829]
Cor 25, peso = 132700.96
[632, 1638, 1670, 736, 1010, 482, 1602, 1698, 1924, 63, 88, 767, 1113, 1870, 1119, 1964, 722, 545, 618, 723, 1279, 204, 788, 913, 1066, 1185, 1481, 1865, 1997, 601, 783, 1135, 1563, 1808, 640, 1483, 1611, 1679, 1806, 112, 261, 1862, 503, 1567, 491, 1398, 2, 515, 671]
Cor 26, peso = 126504.51
[1994, 1700, 506, 1259, 1006, 581, 1699, 81, 1723, 655, 1221, 1919, 286, 1598, 1889, 1256, 1693, 1900, 1778, 1800, 956, 1337, 177, 411, 799, 1313, 1764, 1980, 718, 1244, 1665, 758, 1041, 211, 485, 751, 838, 1363, 785, 989, 323, 255, 1355, 1360, 860, 919]
Cor 27, peso = 93077.2
[556, 984, 1589, 1794, 1174, 965, 89, 1809, 833, 26, 689, 652, 275, 306, 883, 1247, 1671, 1689, 1305, 1427, 1897, 1948, 146, 876, 1100, 1239, 1237, 619, 782, 1303, 1713, 495, 428, 1530, 1726, 1848, 1954, 1614]
Cor 28, peso = 70181.31
[669, 1506, 1593, 542, 1471, 316, 1070, 1988, 1187, 714, 345, 499, 1963, 874, 1217, 1492, 28, 447, 1040, 1461, 1646, 1648, 1793, 604, 763, 1853, 350, 1748]
Cor 29, peso = 52374.57
[680, 1164, 1799, 1978, 1970, 1975, 1293, 229, 1594, 471, 1079, 609, 1673, 554, 929, 1458, 1076, 1560, 1676, 304, 920, 1515]
Cor 30, peso = 46144.84
[1022, 1913, 1987, 569, 1116, 1781, 706, 1032, 226, 1588, 1308, 1328, 114, 1078, 1910, 291, 1921, 1241]
Cor 31, peso = 23379.34
[1064, 296, 834, 31, 638, 614, 1225, 1822, 1914, 1028]
Cor 32, peso = 14825.4
[1262, 983, 1175, 1301, 1213]
Cor 33, peso = 9597.63
[1417, 1231, 808]
