Cor 1, peso = 523218.51
[4, 213, 144, 499, 694, 24, 441, 502, 518, 609, 205, 257, 320, 614, 878, 162, 248, 260, 307, 585, 616, 836, 860, 874, 926, 72, 282, 298, 330, 652, 780, 865, 895, 897, 991, 77, 80, 95, 185, 216, 369, 395, 413, 452, 587, 718, 753, 790, 949, 2, 35, 74, 79, 99, 122, 150, 166, 279, 343, 531, 538, 597, 608, 707, 886, 896, 937, 25, 268, 290, 299, 304, 316, 431, 449, 468, 514, 525, 575, 621, 736, 747, 758, 808, 964, 971, 56, 59, 69, 94, 107, 124, 130, 182, 206, 301, 312, 357, 388, 393, 416, 457, 484, 543, 548, 549, 569, 580, 636, 655, 795, 904, 905, 954, 983, 14, 22, 30, 32, 113, 126, 131, 245, 273, 334, 377, 378, 440, 488, 500, 552, 559, 579, 584, 683, 746, 754, 829, 840, 965, 12, 21, 47, 66, 97, 102, 135, 145, 218, 267, 305, 400, 434, 573, 592, 594, 643, 644, 669, 812, 856, 862, 889, 966, 990, 33, 65, 90, 190, 221, 318, 391, 466, 472, 596, 701, 720, 735, 771, 900, 957, 29, 67, 121, 227, 231, 239, 349, 404, 445, 653, 671, 693, 710, 757, 883, 427, 537, 593, 912, 201, 494, 841]
Cor 2, peso = 501269.3
[276, 3, 782, 348, 578, 711, 235, 464, 545, 576, 226, 337, 519, 633, 705, 813, 38, 87, 100, 199, 210, 295, 311, 379, 533, 632, 647, 26, 27, 57, 192, 432, 474, 617, 645, 712, 767, 833, 843, 881, 64, 106, 176, 196, 215, 251, 258, 323, 327, 503, 558, 762, 844, 911, 923, 970, 8, 53, 98, 117, 164, 186, 189, 202, 207, 319, 360, 372, 382, 411, 477, 478, 482, 483, 486, 510, 625, 628, 650, 662, 690, 702, 731, 798, 867, 891, 962, 54, 101, 129, 163, 200, 204, 281, 363, 365, 383, 390, 414, 418, 446, 476, 515, 534, 536, 544, 565, 581, 723, 749, 916, 932, 978, 40, 68, 83, 125, 128, 152, 153, 220, 240, 259, 292, 296, 361, 392, 401, 453, 528, 560, 571, 665, 684, 691, 748, 793, 819, 859, 871, 918, 927, 39, 78, 82, 116, 157, 159, 169, 277, 314, 317, 345, 354, 359, 408, 420, 570, 626, 649, 729, 769, 864, 892, 913, 23, 51, 193, 222, 232, 246, 285, 310, 351, 366, 396, 397, 398, 429, 444, 501, 546, 567, 648, 672, 887, 961, 13, 132, 249, 322, 461, 487, 556, 623, 784, 922, 945, 992, 183, 512, 931]
Cor 3, peso = 491660.77
[637, 238, 5, 995, 10, 435, 496, 638, 716, 981, 303, 356, 804, 909, 20, 34, 309, 364, 470, 517, 526, 868, 955, 986, 989, 11, 96, 181, 266, 442, 547, 574, 799, 75, 103, 138, 142, 209, 211, 264, 315, 324, 342, 368, 371, 583, 590, 668, 675, 774, 778, 821, 824, 81, 85, 115, 165, 167, 194, 203, 208, 224, 237, 253, 284, 358, 362, 417, 422, 604, 635, 685, 692, 751, 770, 776, 810, 820, 827, 842, 848, 894, 908, 917, 944, 18, 50, 155, 179, 180, 274, 332, 381, 428, 433, 479, 481, 508, 605, 618, 627, 657, 659, 673, 727, 742, 764, 766, 779, 800, 976, 993, 997, 28, 62, 123, 136, 160, 191, 228, 283, 321, 346, 402, 438, 462, 465, 469, 641, 663, 734, 759, 768, 796, 882, 914, 929, 940, 999, 1, 45, 58, 70, 120, 140, 177, 197, 241, 278, 286, 325, 340, 415, 423, 436, 586, 591, 664, 717, 732, 907, 925, 959, 91, 225, 244, 339, 385, 407, 409, 495, 521, 551, 588, 630, 803, 814, 822, 830, 831, 850, 852, 898, 19, 89, 108, 198, 230, 294, 302, 507, 509, 722, 737, 741, 834, 899, 973]
Cor 4, peso = 431909.27
[968, 750, 7, 44, 143, 681, 733, 104, 460, 809, 133, 137, 188, 214, 405, 679, 697, 88, 146, 147, 154, 265, 272, 485, 699, 838, 854, 924, 939, 946, 31, 49, 270, 338, 384, 458, 463, 582, 680, 689, 752, 858, 872, 885, 915, 952, 969, 998, 36, 43, 55, 60, 141, 151, 269, 280, 313, 328, 344, 394, 448, 497, 527, 589, 619, 678, 835, 845, 875, 910, 930, 975, 17, 93, 118, 127, 219, 223, 256, 291, 329, 331, 347, 370, 376, 406, 426, 492, 539, 601, 622, 629, 642, 651, 816, 873, 880, 947, 987, 988, 41, 92, 111, 184, 243, 293, 350, 355, 389, 454, 456, 473, 529, 535, 550, 553, 557, 562, 654, 688, 695, 708, 725, 786, 877, 934, 942, 9, 168, 170, 171, 421, 467, 505, 520, 530, 541, 572, 677, 755, 763, 806, 826, 846, 863, 893, 903, 921, 974, 977, 985, 352, 373, 451, 561, 603, 613, 624, 656, 706, 715, 788, 802, 823, 837, 866, 902]
Cor 5, peso = 273277.46
[504, 938, 156, 148, 335, 958, 217, 566, 765, 173, 254, 300, 522, 524, 674, 686, 739, 772, 851, 158, 229, 250, 994, 63, 114, 134, 247, 326, 403, 437, 563, 564, 607, 721, 787, 794, 855, 879, 935, 963, 967, 0, 71, 73, 195, 287, 367, 439, 540, 577, 610, 704, 709, 745, 797, 828, 870, 919, 15, 46, 48, 52, 174, 178, 255, 387, 399, 410, 430, 443, 542, 634, 639, 666, 696, 713, 811, 857, 888, 890, 956, 76, 109, 242, 252, 308, 353, 375, 612, 615, 740, 743, 781, 785, 815, 818, 832, 876, 933, 972, 16, 37, 187, 333, 336, 700, 719, 726, 773, 807, 847, 901, 979]
Cor 6, peso = 152421.42
[511, 297, 110, 498, 928, 149, 953, 86, 212, 275, 380, 523, 631, 687, 744, 792, 261, 289, 419, 493, 660, 670, 861, 943, 119, 374, 568, 661, 805, 982, 6, 61, 105, 425, 455, 490, 554, 698, 714, 724, 730, 791, 853, 869, 884, 960, 42, 175, 233, 234, 236, 447, 491, 598, 611, 640, 777, 936, 950, 951, 139, 412, 475, 555, 676, 948]
Cor 7, peso = 76176.07
[513, 306, 424, 980, 386, 646, 760, 532, 775, 450, 599, 600, 602, 682, 920, 112, 161, 271, 738, 801, 825, 84, 471, 480, 595, 703, 761, 789, 839, 941, 489]
Cor 8, peso = 31738.7
[288, 341, 783, 849, 506, 516, 658, 728, 172, 263, 906, 817, 984]
Cor 9, peso = 12643.16
[459, 996, 606, 667, 756]
Cor 10, peso = 4451.4
[620, 262]
