Cor 1, peso = 249912.22
[1000, 109, 121, 14, 152, 158, 160, 161, 16, 174, 17, 183, 184, 192, 197, 210, 219, 223, 22, 254, 267, 271, 273, 276, 279, 283, 289, 297, 300, 329, 336, 344, 345, 348, 352, 365, 377, 395, 401, 41, 422, 436, 438, 457, 461, 478, 491, 493, 498, 4, 503, 520, 521, 536, 539, 542, 570, 574, 578, 593, 595, 604, 613, 615, 616, 635, 649, 666, 66, 670, 67, 680, 683, 689, 70, 724, 729, 731, 761, 762, 771, 772, 784, 790, 791, 799, 802, 806, 826, 830, 863, 867, 86, 878, 882, 887, 888, 891, 900, 924, 930, 931, 932, 953, 967, 990, 998, 9]
Cor 2, peso = 249900.81
[110, 115, 129, 137, 143, 148, 150, 157, 172, 173, 187, 194, 211, 213, 220, 222, 226, 229, 235, 247, 259, 261, 295, 296, 306, 314, 319, 332, 347, 375, 381, 386, 388, 396, 397, 403, 411, 419, 426, 42, 453, 455, 456, 466, 471, 475, 492, 496, 507, 514, 519, 522, 527, 529, 548, 551, 554, 561, 564, 567, 56, 577, 579, 611, 625, 644, 647, 657, 684, 690, 735, 740, 741, 753, 757, 765, 780, 786, 789, 801, 816, 835, 847, 872, 879, 903, 91, 937, 939, 942, 947, 94, 951, 956, 988, 994]
Cor 3, peso = 249904.2
[106, 116, 11, 127, 140, 149, 156, 159, 175, 18, 198, 201, 217, 232, 237, 238, 250, 257, 292, 293, 299, 316, 318, 323, 325, 327, 333, 350, 351, 354, 360, 363, 376, 379, 389, 38, 409, 415, 417, 439, 442, 444, 450, 460, 462, 476, 499, 513, 516, 518, 53, 540, 546, 54, 550, 552, 555, 558, 594, 59, 60, 618, 623, 624, 627, 629, 633, 636, 641, 64, 652, 679, 703, 713, 720, 726, 744, 768, 781, 787, 807, 80, 810, 817, 81, 828, 836, 840, 84, 87, 880, 92, 95, 974, 975, 978, 981, 987, 995]
Cor 4, peso = 249888.42
[101, 103, 105, 120, 133, 144, 146, 147, 165, 171, 178, 180, 188, 191, 239, 241, 242, 253, 260, 264, 26, 272, 280, 282, 285, 288, 28, 302, 304, 307, 309, 339, 362, 374, 387, 390, 392, 404, 406, 408, 433, 443, 449, 48, 501, 50, 537, 575, 619, 621, 622, 628, 630, 653, 660, 664, 669, 672, 673, 687, 68, 699, 701, 707, 715, 719, 721, 734, 739, 745, 748, 754, 766, 775, 78, 795, 820, 821, 82, 843, 859, 861, 876, 890, 893, 89, 901, 902, 908, 912, 914, 915, 935, 938, 958, 959, 972, 979, 980, 997]
Cor 5, peso = 249873.15
[102, 107, 130, 139, 142, 153, 196, 202, 214, 233, 243, 262, 269, 286, 290, 31, 328, 32, 335, 343, 359, 368, 385, 393, 399, 410, 412, 425, 428, 431, 447, 454, 480, 481, 486, 490, 497, 504, 508, 512, 515, 51, 524, 525, 52, 530, 534, 543, 545, 562, 569, 57, 583, 592, 600, 601, 602, 606, 607, 614, 645, 651, 659, 674, 688, 6, 710, 730, 737, 738, 747, 751, 758, 774, 793, 797, 814, 815, 831, 834, 83, 842, 848, 852, 854, 864, 871, 874, 875, 916, 917, 920, 925, 936, 952, 954, 961, 965, 96, 97, 991, 999]
Cor 6, peso = 249865.3
[108, 111, 138, 145, 163, 168, 177, 193, 205, 209, 20, 215, 230, 246, 248, 249, 255, 256, 258, 25, 274, 275, 277, 308, 326, 330, 331, 341, 357, 366, 384, 407, 414, 416, 429, 441, 459, 465, 467, 469, 489, 502, 538, 544, 549, 553, 556, 557, 55, 568, 571, 572, 580, 584, 585, 590, 608, 63, 655, 663, 695, 69, 700, 702, 714, 716, 718, 728, 72, 73, 750, 759, 760, 767, 770, 773, 776, 788, 800, 833, 851, 856, 858, 869, 886, 904, 913, 93, 943, 946, 986, 989]
Cor 7, peso = 249883.2
[112, 124, 126, 135, 141, 155, 176, 182, 203, 218, 225, 231, 236, 244, 24, 252, 27, 281, 284, 310, 311, 324, 346, 358, 361, 372, 382, 394, 418, 423, 427, 432, 43, 458, 45, 473, 474, 477, 47, 509, 523, 535, 541, 560, 573, 597, 5, 62, 634, 637, 638, 654, 667, 668, 676, 677, 682, 685, 691, 692, 698, 706, 717, 746, 752, 764, 792, 796, 798, 804, 812, 813, 838, 839, 866, 868, 870, 892, 895, 897, 899, 906, 922, 928, 933, 945, 955, 960, 963, 976, 982, 984, 99]
Cor 8, peso = 249854.55
[10, 134, 136, 162, 167, 170, 199, 204, 208, 21, 221, 228, 234, 23, 263, 270, 291, 294, 29, 305, 321, 337, 33, 369, 371, 383, 39, 3, 40, 44, 464, 468, 46, 472, 479, 483, 484, 495, 510, 533, 582, 588, 589, 598, 599, 609, 612, 617, 61, 620, 626, 639, 640, 648, 681, 696, 697, 711, 742, 74, 763, 778, 794, 7, 808, 822, 824, 825, 829, 837, 849, 853, 857, 865, 881, 883, 884, 885, 88, 894, 898, 8, 909, 911, 926, 927, 940, 944, 948, 949, 962, 973, 98, 992, 993]
Cor 9, peso = 249908.0
[113, 118, 123, 128, 132, 13, 169, 181, 189, 190, 19, 200, 206, 212, 224, 240, 245, 251, 266, 268, 30, 334, 338, 342, 34, 353, 367, 36, 391, 398, 400, 420, 424, 430, 434, 437, 446, 448, 451, 463, 482, 487, 488, 494, 49, 500, 505, 517, 531, 547, 559, 563, 565, 566, 576, 581, 586, 587, 58, 591, 596, 603, 610, 632, 642, 650, 656, 661, 675, 678, 686, 693, 694, 704, 71, 722, 725, 727, 733, 736, 743, 749, 756, 75, 779, 782, 79, 803, 805, 809, 818, 823, 827, 832, 841, 844, 846, 850, 85, 862, 873, 907, 90, 918, 921, 923, 934, 957, 968, 970, 977, 985]
Cor 10, peso = 249776.21
[100, 104, 114, 117, 119, 122, 125, 12, 131, 151, 154, 15, 164, 166, 179, 185, 186, 195, 1, 207, 216, 227, 265, 278, 287, 298, 2, 301, 303, 312, 313, 315, 317, 320, 322, 340, 349, 355, 356, 35, 364, 370, 373, 378, 37, 380, 402, 405, 413, 421, 435, 440, 445, 452, 470, 485, 506, 511, 526, 528, 532, 605, 631, 643, 646, 658, 65, 662, 665, 671, 705, 708, 709, 712, 723, 732, 755, 769, 76, 777, 77, 783, 785, 811, 819, 845, 855, 860, 877, 889, 896, 905, 910, 919, 929, 941, 950, 964, 966, 969, 971, 983, 996]
Valor da solucao: 249912.0
Tempo percorrido: 4.0 horas
